Linux 3.10.0-367.el7.x86_64 (ip-172-31-61-175.us-west-2.compute.internal) 	05/17/16 	_x86_64_	(16 CPU)

05/17/16 09:41:42
avg-cpu:  %user   %nice %system %iowait  %steal   %idle
          34.50    0.00    2.65    0.23    0.15   62.47

Device:         rrqm/s   wrqm/s     r/s     w/s    rMB/s    wMB/s avgrq-sz avgqu-sz   await r_await w_await  svctm  %util
xvda              0.00    34.33    0.00  269.00     0.00     3.55    27.01     0.21    0.78    0.00    0.78   0.54  14.50
xvdb              0.00     0.00    0.00    0.33     0.00     0.00     8.00     0.00    1.00    0.00    1.00   1.00   0.03
docker_vg-docker--pool_tmeta     0.00     0.00    0.00    0.33     0.00     0.00     8.00     0.00    1.00    0.00    1.00   1.00   0.03
docker_vg-docker--pool_tdata     0.00     0.00    0.00    0.00     0.00     0.00     0.00     0.00    0.00    0.00    0.00   0.00   0.00
docker_vg-docker--pool     0.00     0.00    0.00    0.00     0.00     0.00     0.00     0.00    0.00    0.00    0.00   0.00   0.00
docker-202:2-16823180-6f17cbf41e386111cc379ef3eb9a9010126f0543db8afc596f2100795c30a647     0.00     0.00    0.00    0.00     0.00     0.00     0.00     0.00    0.00    0.00    0.00   0.00   0.00
docker-202:2-16823180-361b4fe2e28c370c9c4ecf78791ca0269e1dad966e79e46397a39af948b44f53     0.00     0.00    0.00    0.00     0.00     0.00     0.00     0.00    0.00    0.00    0.00   0.00   0.00
docker-202:2-16823180-ada4ccff04d02d7441c0a3e77e1592593c00770f9efcc643fbe12e4ceeaf442d     0.00     0.00    0.00    0.00     0.00     0.00     0.00     0.00    0.00    0.00    0.00   0.00   0.00
docker-202:2-16823180-adb4f4fb4d82ae14f22c4e3f5fedc96eaca9b0f35e36ff0b5deca9dab635034e     0.00     0.00    0.00    0.00     0.00     0.00     0.00     0.00    0.00    0.00    0.00   0.00   0.00

05/17/16 09:41:45
avg-cpu:  %user   %nice %system %iowait  %steal   %idle
          53.11    0.00    8.02    0.61    0.26   38.00

Device:         rrqm/s   wrqm/s     r/s     w/s    rMB/s    wMB/s avgrq-sz avgqu-sz   await r_await w_await  svctm  %util
xvda              0.00    65.67    0.00  378.00     0.00     3.83    20.78     0.27    0.73    0.00    0.73   0.55  20.90
xvdb             20.00    24.00  938.00   79.67     8.19     4.83    26.21     0.75    0.74    0.43    4.41   0.22  22.40
docker_vg-docker--pool_tmeta     0.00     0.00    3.00   33.67     0.01     0.13     8.00     0.12    3.25    0.33    3.50   0.37   1.37
docker_vg-docker--pool_tdata     0.00     0.00  955.00   70.00     8.18     4.70    25.73     0.95    0.93    0.58    5.71   0.21  21.90
docker_vg-docker--pool     0.00     0.00  955.00   70.00     8.18     4.70    25.73     0.95    0.93    0.58    5.71   0.21  21.93
docker-202:2-16823180-6f17cbf41e386111cc379ef3eb9a9010126f0543db8afc596f2100795c30a647     0.00     0.00    0.00    0.00     0.00     0.00     0.00     0.00    0.00    0.00    0.00   0.00   0.00
docker-202:2-16823180-361b4fe2e28c370c9c4ecf78791ca0269e1dad966e79e46397a39af948b44f53     0.00     0.00    0.00    0.00     0.00     0.00     0.00     0.00    0.00    0.00    0.00   0.00   0.00
docker-202:2-16823180-ada4ccff04d02d7441c0a3e77e1592593c00770f9efcc643fbe12e4ceeaf442d     0.00     0.00    0.00   14.00     0.00     0.20    28.62     0.02    1.33    0.00    1.33   0.71   1.00
docker-202:2-16823180-adb4f4fb4d82ae14f22c4e3f5fedc96eaca9b0f35e36ff0b5deca9dab635034e     0.00     0.00    0.00    0.00     0.00     0.00     0.00     0.00    0.00    0.00    0.00   0.00   0.00
docker-202:2-16823180-b34b39b51c5d6f67239df440ffb077367b9b2b4a067a37170a8fb3d161d92654-init     0.00     0.00  305.33    5.33     1.90     0.67    16.89     0.22    0.72    0.40   18.75   0.33  10.20
docker-202:2-16823180-41467668b653727c86b8437e4264cf41fca6ee6dc215c93dd0fb1b493cbc916b-init     0.00     0.00  305.33    5.33     1.90     0.67    16.89     0.19    0.63    0.34   16.75   0.28   8.57
docker-202:2-16823180-02d11d72831c133b0e0bff8b34e02346b6f795f9d759b15ec41de9821902ce75-init     0.00     0.00  305.33    5.33     1.90     0.67    16.89     0.35    1.13    0.29   49.38   0.28   8.70

05/17/16 09:41:48
avg-cpu:  %user   %nice %system %iowait  %steal   %idle
          26.88    0.00    5.20    0.77    0.37   66.78

Device:         rrqm/s   wrqm/s     r/s     w/s    rMB/s    wMB/s avgrq-sz avgqu-sz   await r_await w_await  svctm  %util
xvda              0.00    56.33    0.00  306.67     0.00     2.35    15.67     0.21    0.68    0.00    0.68   0.62  19.00
xvdb             56.00    64.67 2248.00  147.67    21.89    12.04    29.01     2.33    0.97    0.54    7.61   0.27  64.47
docker_vg-docker--pool_tmeta     0.00     0.00    0.00   55.00     0.00     0.21     8.00     0.15    2.67    0.00    2.67   0.28   1.53
docker_vg-docker--pool_tdata     0.00     0.00 2304.33  157.67    21.89    11.82    28.05     3.38    1.37    0.73   10.76   0.26  63.30
docker_vg-docker--pool     0.00     0.00 2304.33  157.67    21.89    11.82    28.05     3.38    1.37    0.73   10.76   0.26  63.37
docker-202:2-16823180-6f17cbf41e386111cc379ef3eb9a9010126f0543db8afc596f2100795c30a647     0.00     0.00    0.00    0.00     0.00     0.00     0.00     0.00    0.00    0.00    0.00   0.00   0.00
docker-202:2-16823180-361b4fe2e28c370c9c4ecf78791ca0269e1dad966e79e46397a39af948b44f53     0.00     0.00    0.00    0.00     0.00     0.00     0.00     0.00    0.00    0.00    0.00   0.00   0.00
docker-202:2-16823180-ada4ccff04d02d7441c0a3e77e1592593c00770f9efcc643fbe12e4ceeaf442d     0.00     0.00    0.00    0.00     0.00     0.00     0.00     0.00    0.00    0.00    0.00   0.00   0.00
docker-202:2-16823180-adb4f4fb4d82ae14f22c4e3f5fedc96eaca9b0f35e36ff0b5deca9dab635034e     0.00     0.00    0.00    0.00     0.00     0.00     0.00     0.00    0.00    0.00    0.00   0.00   0.00
docker-202:2-16823180-41467668b653727c86b8437e4264cf41fca6ee6dc215c93dd0fb1b493cbc916b-init     0.00     0.00    0.00    0.00     0.00     0.00     0.00     0.00    0.00    0.00    0.00   0.00   0.00
docker-202:2-16823180-02d11d72831c133b0e0bff8b34e02346b6f795f9d759b15ec41de9821902ce75-init     0.00     0.00    0.00    0.00     0.00     0.00     0.00     0.00    0.00    0.00    0.00   0.00   0.00
docker-202:2-16823180-bf96b7ccdd35f35c6c8a778fd598e872ffdf9dfa521c227794b8bf80c6c7060a-init     0.00     0.00  305.33    5.33     1.90     0.67    16.89     0.37    1.19    0.40   46.12   0.38  11.67
docker-202:2-16823180-69ab8385f3322611f74d3a9637021378614c1ed6a33d3a2bc61296cfd356710e-init     0.00     0.00  305.33    5.33     1.90     0.67    16.89     0.37    1.18    0.44   43.38   0.41  12.67
docker-202:2-16823180-b34b39b51c5d6f67239df440ffb077367b9b2b4a067a37170a8fb3d161d92654     0.00     0.00  297.67    5.33     1.86     0.67    17.10     0.20    0.66    0.32   19.19   0.27   8.20

05/17/16 09:41:51
avg-cpu:  %user   %nice %system %iowait  %steal   %idle
          26.71    0.00    4.45    0.81    0.44   67.59

Device:         rrqm/s   wrqm/s     r/s     w/s    rMB/s    wMB/s avgrq-sz avgqu-sz   await r_await w_await  svctm  %util
xvda              0.00    48.33    0.00  283.67     0.00     2.20    15.90     0.19    0.67    0.00    0.67   0.60  16.90
xvdb             86.67    98.33 2075.67  224.33    22.00    15.93    33.78     2.63    1.14    0.65    5.70   0.28  63.40
docker_vg-docker--pool_tmeta     0.00     0.00    0.00   71.00     0.00     0.28     8.00     0.17    2.37    0.00    2.37   0.41   2.93
docker_vg-docker--pool_tdata     0.00     0.00 2162.33  252.33    22.00    15.66    31.94     4.05    1.68    0.96    7.87   0.25  61.43
docker_vg-docker--pool     0.00     0.00 2162.33  252.33    22.00    15.66    31.94     4.05    1.68    0.96    7.88   0.25  61.53
docker-202:2-16823180-6f17cbf41e386111cc379ef3eb9a9010126f0543db8afc596f2100795c30a647     0.00     0.00    0.00    0.00     0.00     0.00     0.00     0.00    0.00    0.00    0.00   0.00   0.00
docker-202:2-16823180-361b4fe2e28c370c9c4ecf78791ca0269e1dad966e79e46397a39af948b44f53     0.00     0.00    0.00    0.00     0.00     0.00     0.00     0.00    0.00    0.00    0.00   0.00   0.00
docker-202:2-16823180-ada4ccff04d02d7441c0a3e77e1592593c00770f9efcc643fbe12e4ceeaf442d     0.00     0.00    0.00    5.33     0.00     0.04    14.00     0.00    0.62    0.00    0.62   0.50   0.27
docker-202:2-16823180-adb4f4fb4d82ae14f22c4e3f5fedc96eaca9b0f35e36ff0b5deca9dab635034e     0.00     0.00    0.00    0.00     0.00     0.00     0.00     0.00    0.00    0.00    0.00   0.00   0.00
docker-202:2-16823180-96042bf48cc56b0adc726ca1ff1cb92b0f7637d358bc58445fe0f4cf3cccdd29-init     0.00     0.00  305.33    5.33     1.90     0.67    16.89     0.36    1.15    0.32   48.44   0.31   9.57
docker-202:2-16823180-02d11d72831c133b0e0bff8b34e02346b6f795f9d759b15ec41de9821902ce75-init     0.00     0.00    0.00    0.00     0.00     0.00     0.00     0.00    0.00    0.00    0.00   0.00   0.00
docker-202:2-16823180-2cd9ef716bdd602d7d2f054c5d33de484a0c519c16e3d6147ac7158cbb345844-init     0.00     0.00  305.33    5.33     1.90     0.67    16.89     0.25    0.80    0.36   26.00   0.32   9.87
docker-202:2-16823180-bf96b7ccdd35f35c6c8a778fd598e872ffdf9dfa521c227794b8bf80c6c7060a-init     0.00     0.00    0.00    0.00     0.00     0.00     0.00     0.00    0.00    0.00    0.00   0.00   0.00
docker-202:2-16823180-b34b39b51c5d6f67239df440ffb077367b9b2b4a067a37170a8fb3d161d92654     0.00     0.00    0.00    0.00     0.00     0.00     0.00     0.00    0.00    0.00    0.00   0.00   0.00

05/17/16 09:41:54
avg-cpu:  %user   %nice %system %iowait  %steal   %idle
          21.95    0.00    4.08    0.68    0.37   72.91

Device:         rrqm/s   wrqm/s     r/s     w/s    rMB/s    wMB/s avgrq-sz avgqu-sz   await r_await w_await  svctm  %util
xvda              0.00    75.33    0.00  309.33     0.00     2.30    15.23     0.98    3.16    0.00    3.16   0.45  13.83
xvdb            109.33   127.33 1972.67  292.67    25.02    20.35    41.02     3.48    1.53    0.64    7.59   0.27  60.63
docker_vg-docker--pool_tmeta     0.00     0.00    0.00  102.00     0.00     0.40     8.00     0.16    1.58    0.00    1.58   0.22   2.23
docker_vg-docker--pool_tdata     0.00     0.00 2081.67  319.67    25.02    19.95    38.36     5.74    2.39    0.96   11.72   0.24  58.37
docker_vg-docker--pool     0.00     0.00 2081.67  319.67    25.02    19.95    38.36     5.74    2.39    0.96   11.72   0.24  58.40
docker-202:2-16823180-6f17cbf41e386111cc379ef3eb9a9010126f0543db8afc596f2100795c30a647     0.00     0.00    0.00    0.00     0.00     0.00     0.00     0.00    0.00    0.00    0.00   0.00   0.00
docker-202:2-16823180-361b4fe2e28c370c9c4ecf78791ca0269e1dad966e79e46397a39af948b44f53     0.00     0.00    0.00    0.00     0.00     0.00     0.00     0.00    0.00    0.00    0.00   0.00   0.00
docker-202:2-16823180-ada4ccff04d02d7441c0a3e77e1592593c00770f9efcc643fbe12e4ceeaf442d     0.00     0.00    0.00    5.33     0.00     0.04    14.50     0.00    0.62    0.00    0.62   0.63   0.33
docker-202:2-16823180-adb4f4fb4d82ae14f22c4e3f5fedc96eaca9b0f35e36ff0b5deca9dab635034e     0.00     0.00    0.00    0.00     0.00     0.00     0.00     0.00    0.00    0.00    0.00   0.00   0.00
docker-202:2-16823180-79fde9ffa5539c17d206564b1912127b385c68fba8bbae5d20d51a9abaffd573-init     0.00     0.00  304.33    5.33     1.77     0.67    16.12     0.19    0.61    0.35   15.62   0.30   9.30
docker-202:2-16823180-bf96b7ccdd35f35c6c8a778fd598e872ffdf9dfa521c227794b8bf80c6c7060a-init     0.00     0.00    0.00    0.00     0.00     0.00     0.00     0.00    0.00    0.00    0.00   0.00   0.00
docker-202:2-16823180-bce69556cb7f6851a5b2d425f550fb4a8960688e5740934556fca07de846691c-init     0.00     0.00  305.33    5.33     1.90     0.67    16.89     0.70    2.25    0.30  113.81   0.35  10.83

05/17/16 09:41:57
avg-cpu:  %user   %nice %system %iowait  %steal   %idle
          22.89    0.00    4.65    0.79    0.48   71.19

Device:         rrqm/s   wrqm/s     r/s     w/s    rMB/s    wMB/s avgrq-sz avgqu-sz   await r_await w_await  svctm  %util
xvda              0.00    42.00    0.00  266.67     0.00     2.19    16.80     0.19    0.72    0.00    0.72   0.60  16.07
xvdb             56.00    65.00 2268.67  152.67    22.56    12.31    29.49     2.51    1.04    0.57    8.03   0.27  66.20
docker_vg-docker--pool_tmeta     0.00     0.00    0.00   50.67     0.00     0.20     8.00     0.08    1.66    0.00    1.66   0.24   1.20
docker_vg-docker--pool_tdata     0.00     0.00 2325.00  167.67    22.56    12.11    28.48     3.74    1.50    0.79   11.35   0.26  65.07
docker_vg-docker--pool     0.00     0.00 2325.00  167.67    22.56    12.11    28.48     3.74    1.50    0.79   11.36   0.26  65.17
docker-202:2-16823180-6f17cbf41e386111cc379ef3eb9a9010126f0543db8afc596f2100795c30a647     0.00     0.00    0.00    0.00     0.00     0.00     0.00     0.00    0.00    0.00    0.00   0.00   0.00
docker-202:2-16823180-361b4fe2e28c370c9c4ecf78791ca0269e1dad966e79e46397a39af948b44f53     0.00     0.00    0.00    0.00     0.00     0.00     0.00     0.00    0.00    0.00    0.00   0.00   0.00
docker-202:2-16823180-ada4ccff04d02d7441c0a3e77e1592593c00770f9efcc643fbe12e4ceeaf442d     0.00     0.00    0.00    0.00     0.00     0.00     0.00     0.00    0.00    0.00    0.00   0.00   0.00
docker-202:2-16823180-adb4f4fb4d82ae14f22c4e3f5fedc96eaca9b0f35e36ff0b5deca9dab635034e     0.00     0.00    0.00    0.00     0.00     0.00     0.00     0.00    0.00    0.00    0.00   0.00   0.00
docker-202:2-16823180-df9220ecacf25f3ea610bd708a6604215a87921d72826d5f0ba332d27aadfe71     0.00     0.00  297.67    5.33     1.86     0.67    17.10     0.26    0.86    0.28   33.38   0.26   7.73
docker-202:2-16823180-02d11d72831c133b0e0bff8b34e02346b6f795f9d759b15ec41de9821902ce75     0.00     0.00  297.67    5.33     1.86     0.67    17.10     0.18    0.61    0.27   19.56   0.24   7.13
docker-202:2-16823180-96042bf48cc56b0adc726ca1ff1cb92b0f7637d358bc58445fe0f4cf3cccdd29     0.00     0.00  297.67    5.33     1.86     0.67    17.10     0.33    1.10    0.33   44.12   0.31   9.37
docker-202:2-16823180-bf96b7ccdd35f35c6c8a778fd598e872ffdf9dfa521c227794b8bf80c6c7060a-init     0.00     0.00    0.00    0.00     0.00     0.00     0.00     0.00    0.00    0.00    0.00   0.00   0.00
docker-202:2-16823180-bce69556cb7f6851a5b2d425f550fb4a8960688e5740934556fca07de846691c-init     0.00     0.00    0.00    0.00     0.00     0.00     0.00     0.00    0.00    0.00    0.00   0.00   0.00
docker-202:2-16823180-3d29e08ca673405d78029a22dcb9a92b972668f1b3c16c35193b6ce8f0242431     0.00     0.00  307.67    5.33     2.25     0.67    19.10     0.19    0.60    0.41   11.75   0.33  10.33

05/17/16 09:42:00
avg-cpu:  %user   %nice %system %iowait  %steal   %idle
          20.75    0.00    4.39    0.83    0.48   73.55

Device:         rrqm/s   wrqm/s     r/s     w/s    rMB/s    wMB/s avgrq-sz avgqu-sz   await r_await w_await  svctm  %util
xvda              0.00    44.33    0.00  271.67     0.00     2.19    16.53     0.21    0.78    0.00    0.78   0.57  15.37
xvdb             62.67    76.67 2293.67  188.67    21.71    13.90    29.38     2.22    0.90    0.49    5.88   0.26  64.07
docker_vg-docker--pool_tmeta     0.00     0.00    0.00   70.67     0.00     0.28     8.00     0.10    1.34    0.00    1.34   0.16   1.13
docker_vg-docker--pool_tdata     0.00     0.00 2356.33  194.67    21.71    13.62    28.36     3.26    1.28    0.66    8.79   0.25  62.87
docker_vg-docker--pool     0.00     0.00 2356.33  194.67    21.71    13.62    28.36     3.27    1.28    0.66    8.79   0.25  62.97
docker-202:2-16823180-6f17cbf41e386111cc379ef3eb9a9010126f0543db8afc596f2100795c30a647     0.00     0.00    0.00    0.00     0.00     0.00     0.00     0.00    0.00    0.00    0.00   0.00   0.00
docker-202:2-16823180-361b4fe2e28c370c9c4ecf78791ca0269e1dad966e79e46397a39af948b44f53     0.00     0.00    0.00    0.00     0.00     0.00     0.00     0.00    0.00    0.00    0.00   0.00   0.00
docker-202:2-16823180-ada4ccff04d02d7441c0a3e77e1592593c00770f9efcc643fbe12e4ceeaf442d     0.00     0.00    0.00    5.33     0.00     0.04    15.00     0.00    0.69    0.00    0.69   0.69   0.37
docker-202:2-16823180-adb4f4fb4d82ae14f22c4e3f5fedc96eaca9b0f35e36ff0b5deca9dab635034e     0.00     0.00    0.00    0.00     0.00     0.00     0.00     0.00    0.00    0.00    0.00   0.00   0.00
docker-202:2-16823180-df9220ecacf25f3ea610bd708a6604215a87921d72826d5f0ba332d27aadfe71     0.00     0.00   10.00    0.00     0.39     0.00    79.73 1431655.66 143165565.83    0.87    0.00 143165576.33 143165576.33
docker-202:2-16823180-869602dc6cf0ad11576bdda66e754f7c0560ecbc302d2d3b2ba8856f5db23b25-init     0.00     0.00  305.33    5.33     1.90     0.67    16.89     0.38    1.21    0.45   44.94   0.42  13.13
docker-202:2-16823180-bf96b7ccdd35f35c6c8a778fd598e872ffdf9dfa521c227794b8bf80c6c7060a-init     0.00     0.00    0.00    0.00     0.00     0.00     0.00     0.00    0.00    0.00    0.00   0.00   0.00
docker-202:2-16823180-3d29e08ca673405d78029a22dcb9a92b972668f1b3c16c35193b6ce8f0242431     0.00     0.00    0.00    0.00     0.00     0.00     0.00     0.00    0.00    0.00    0.00   0.00   0.00

05/17/16 09:42:03
avg-cpu:  %user   %nice %system %iowait  %steal   %idle
          20.21    0.00    5.04    0.81    0.52   73.42

Device:         rrqm/s   wrqm/s     r/s     w/s    rMB/s    wMB/s avgrq-sz avgqu-sz   await r_await w_await  svctm  %util
xvda              0.00    42.67    0.00  294.33     0.00     2.33    16.20     0.23    0.77    0.00    0.77   0.55  16.30
xvdb             42.67    47.00 2238.67  141.67    20.35    10.87    26.86     1.94    0.81    0.43    6.85   0.25  59.83
docker_vg-docker--pool_tmeta     0.00     0.00    0.67   44.33     0.00     0.17     8.00     0.07    1.61    6.50    1.54   0.29   1.30
docker_vg-docker--pool_tdata     0.00     0.00 2280.67  144.33    20.35    10.70    26.22     2.66    1.10    0.55    9.71   0.24  59.40
docker_vg-docker--pool     0.00     0.00 2281.00  144.33    20.35    10.70    26.21     2.66    1.10    0.55    9.72   0.25  59.63
docker-202:2-16823180-6f17cbf41e386111cc379ef3eb9a9010126f0543db8afc596f2100795c30a647     0.00     0.00    0.00    0.00     0.00     0.00     0.00     0.00    0.00    0.00    0.00   0.00   0.00
docker-202:2-16823180-361b4fe2e28c370c9c4ecf78791ca0269e1dad966e79e46397a39af948b44f53     0.00     0.00    0.00    0.00     0.00     0.00     0.00     0.00    0.00    0.00    0.00   0.00   0.00
docker-202:2-16823180-ada4ccff04d02d7441c0a3e77e1592593c00770f9efcc643fbe12e4ceeaf442d     0.00     0.00    0.00    0.00     0.00     0.00     0.00     0.00    0.00    0.00    0.00   0.00   0.00
docker-202:2-16823180-adb4f4fb4d82ae14f22c4e3f5fedc96eaca9b0f35e36ff0b5deca9dab635034e     0.00     0.00    0.00    0.00     0.00     0.00     0.00     0.00    0.00    0.00    0.00   0.00   0.00
docker-202:2-16823180-df9220ecacf25f3ea610bd708a6604215a87921d72826d5f0ba332d27aadfe71     0.00     0.00    0.00    0.00     0.00     0.00     0.00     0.00    0.00    0.00    0.00   0.00   0.00
docker-202:2-16823180-9670f0c1832e3350f5c7b0fd9a840d6857ef485f961cde35141e8402ab829e65     0.00     0.00  307.67    5.33     2.25     0.67    19.10     0.17    0.53    0.35   11.00   0.28   8.67
docker-202:2-16823180-b34b39b51c5d6f67239df440ffb077367b9b2b4a067a37170a8fb3d161d92654     0.00     0.00  307.67    5.33     2.25     0.67    19.10     0.13    0.40    0.32    5.19   0.23   7.17
docker-202:2-16823180-69ab8385f3322611f74d3a9637021378614c1ed6a33d3a2bc61296cfd356710e     0.00     0.00  297.67    5.33     1.86     0.67    17.10     0.18    0.60    0.34   15.31   0.27   8.13
docker-202:2-16823180-3d29e08ca673405d78029a22dcb9a92b972668f1b3c16c35193b6ce8f0242431     0.00     0.00    0.00    0.00     0.00     0.00     0.00     0.00    0.00    0.00    0.00   0.00   0.00

